8.37670549753971
10.3218971106433
8.6295465711744
15.6932632160845
16.9479110632154
15.2857669253721
17.6051841507779
9.9165006129554
12.2078261617919
8.28053928941673
13.553376795577
8.95462942052679
11.0150479127885
14.6164983012177
14.288600955391
17.3759478741311
14.4229008895701
10.8212756627141
12.2978168360682
9.9040221867125
13.6553378091408
16.5927434728775
16.1319272881463
16.9892852122543
9.83948145961593
9.38755832832862
17.5399559443448
11.3853572213986
16.890170826925
11.2174496173388
10.9641434416639
14.3276077733295
10.0348417768947
11.0725747412405
8.49981994501937
12.8235028654899
15.5199917263875
9.15439731431065
10.5592327511718
