11.3410227012931
17.5114751178041
15.8890031958173
11.6369259760241
9.54640919116273
15.7061210486047
15.0223354226046
14.8053037467413
13.8447127561938
11.0725644237336
17.6500160741221
14.8239227064521
17.5064697150746
15.5180473719242
15.4210481709989
15.4643505781328
11.1183363444038
10.37665961287
12.0149591646063
17.7526834697895
15.5743094557748
17.7127384625995
15.5000213489784
9.20911952360982
9.28027601539992
14.0828702834631
10.3702031151982
17.8003356851688
13.8395747443437
15.5324096198087
14.0235427285641
14.2057570645009
17.5587572106145
16.6153708473032
12.4347094710403
10.6649012622347
9.87173385964314
11.5104498312695
16.3838759340913
17.7543961351085
